factor: 2 noreg NMI: 0.8018626231884884 ARI: 0.8273969839126233
factor: 2 reg1log NMI: 0.8938638430670313 ARI: 0.9176364836342904
factor: 3 noreg NMI: 0.44517997286452965 ARI: 0.3842781922081631
factor: 3 reg1log NMI: 0.8938638430670313 ARI: 0.9176364836342904
