factor: 2 noreg NMI: 0.004161652479300039 ARI: 0.003963122102490117
factor: 2 reg1log NMI: 0.3465621834123132 ARI: 0.328561125326756
factor: 3 noreg NMI: 0.007445460000306545 ARI: 0.008649538255830999
factor: 3 reg1log NMI: 0.35733810924368214 ARI: 0.34403234408448646
