factor: 2 noreg NMI: 0.23671411464906014 ARI: 0.20442882741628401
factor: 2 reg1log NMI: 0.26521490381045953 ARI: 0.18789842883481098
factor: 3 noreg NMI: 0.21766498018889807 ARI: 0.127112211975892
factor: 3 reg1log NMI: 0.36324257529139276 ARI: 0.2823806429586229
