factor: 2 noreg NMI: 0.003007536064807754 ARI: 0.002397198982436537
factor: 2 reg1log NMI: 0.35802602917338994 ARI: 0.2672780259014397
factor: 3 noreg NMI: 0.6190491529612873 ARI: 0.7201640714863548
factor: 3 reg1log NMI: 0.3527555795629946 ARI: 0.2598752513270479
