factor: 2 noreg NMI: 0.6542714194250024 ARI: 0.4661905990779506
factor: 2 reg1log NMI: 0.948140501154267 ARI: 0.9611435721856738
factor: 3 noreg NMI: 0.8788203336383297 ARI: 0.9056728300059532
factor: 3 reg1log NMI: 0.8970206488034297 ARI: 0.9236239169909873
