factor: 2 noreg NMI: 0.0005810896004627205 ARI: -0.0008398274807233101
factor: 2 reg1log NMI: 0.9146927762625677 ARI: 0.9500067887260124
factor: 3 noreg NMI: 0.2461133860035454 ARI: 0.3200185088710313
factor: 3 reg1log NMI: 0.9052815057535737 ARI: 0.9429693779800986
